AQJZBDZL45205293,590554188775	9,0
JRJRUKLO25747746,246667656592	20,0
JRJRUKLO25747746,027124237121	13,0
PLNGDVKW76676925,968619187997	10,0
PZSLAOMX00719228,057071958078	15,0
PZSLAOMX00719228,137339759472	6,0
PZSLAOMX00719228,416007558645	11,0
LIFUAEJT04734065,364813725934	5,0
LIFUAEJT04734065,124807385157	2,0
MQKJWOMU73000744,143607600858	6,0
MQKJWOMU73000744,075936815934	19,0
BICYGUPD57809078,915054947108	19,0
HGRUYMDQ86957814,553558597872	17,0
HGRUYMDQ86957814,598107101691	13,0
MAOSEHSQ24182331,102794211129	8,0
MAOSEHSQ24182331,498676917187	11,0
MAOSEHSQ24182331,441179568823	13,0
MAOSEHSQ24182331,003372150940	6,0
GHIHXNYM43631821,210140200549	13,0
GHIHXNYM43631821,573679977982	6,0
PLNGDVKW76676925,578798451052	7,0
PZSLAOMX00719228,349503663706	12,0
AQJZBDZL45205293,590554188775	0,2
JRJRUKLO25747746,246667656592	0,3
JRJRUKLO25747746,027124237121	0,2
PLNGDVKW76676925,968619187997	0,4
PZSLAOMX00719228,057071958078	0,3
PZSLAOMX00719228,137339759472	0,1
PZSLAOMX00719228,416007558645	0,1
LIFUAEJT04734065,364813725934	0,3
LIFUAEJT04734065,124807385157	0,4
MQKJWOMU73000744,143607600858	0,3
MQKJWOMU73000744,075936815934	0,5
BICYGUPD57809078,915054947108	0,1
HGRUYMDQ86957814,553558597872	0,5
HGRUYMDQ86957814,598107101691	0,2
MAOSEHSQ24182331,102794211129	0,3
MAOSEHSQ24182331,498676917187	0,4
MAOSEHSQ24182331,441179568823	0,2
MAOSEHSQ24182331,003372150940	0,2
GHIHXNYM43631821,210140200549	0,1
GHIHXNYM43631821,573679977982	0,3
